# Blender 4.2.1 LTS
# www.blender.org
mtllib Cheese2.mtl
o Queso_LOncha.002
v -0.037116 0.002793 0.037556
v -0.037531 0.002775 0.038343
v -0.037650 0.005524 0.038343
v -0.037235 0.005542 0.037556
v -0.117535 -0.000683 0.063159
v -0.118321 -0.000717 0.062744
v -0.118440 0.002032 0.062744
v -0.117654 0.002066 0.063159
v -0.068956 0.001416 -0.063159
v -0.068170 0.001450 -0.062744
v -0.068289 0.004200 -0.062744
v -0.069075 0.004166 -0.063159
v -0.149375 -0.002059 -0.037556
v -0.148961 -0.002042 -0.038343
v -0.149079 0.000708 -0.038343
v -0.149494 0.000690 -0.037556
vn 0.9543 0.0412 -0.2960
vn -0.2957 -0.0128 -0.9552
vn -0.0432 0.9991 -0.0000
vn 0.2957 0.0128 0.9552
vn -0.9543 -0.0412 0.2960
vn 0.8839 0.0382 0.4661
vn -0.4657 -0.0201 0.8847
vn -0.8839 -0.0382 -0.4661
vn 0.4657 0.0201 -0.8847
vn 0.0432 -0.9991 -0.0000
vt 0.381583 -0.014648
vt 0.381733 -0.014648
vt 0.381733 0.277599
vt 0.381583 0.277599
vt 0.381583 0.810595
vt 0.381733 0.810595
vt 0.381733 1.043921
vt 0.381583 1.043921
vt 0.382971 0.622653
vt 0.377601 0.403674
vt 0.382939 0.403674
vt 0.382971 0.405304
vt 0.381583 0.280074
vt 0.381733 0.280074
vt 0.381733 0.513399
vt 0.381583 0.513399
vt 0.381583 0.515874
vt 0.381733 0.515874
vt 0.381733 0.808120
vt 0.381583 0.808120
vt 0.381733 1.046396
vt 0.381583 1.046396
vt 0.377569 0.405304
vt 0.377569 0.622653
vt 0.377601 0.624283
vt 0.382939 0.624283
s 0
usemtl Gradient.002
f 10/1/1 11/2/1 4/3/1 1/4/1
f 14/5/2 15/6/2 12/7/2 9/8/2
f 15/9/3 4/10/3 11/11/3 12/12/3
f 2/13/4 3/14/4 8/15/4 5/16/4
f 6/17/5 7/18/5 16/19/5 13/20/5
f 1/4/6 4/3/6 3/14/6 2/13/6
f 7/18/7 6/17/7 5/16/7 8/15/7
f 15/6/8 14/5/8 13/20/8 16/19/8
f 11/21/9 10/22/9 9/8/9 12/7/9
f 5/23/10 6/10/10 13/11/10 2/24/10
f 1/25/10 14/12/10 9/9/10 10/26/10
f 4/10/3 15/9/3 16/26/3 3/23/3
f 2/24/10 13/11/10 14/12/10 1/25/10
f 3/23/3 16/26/3 7/25/3 8/24/3
o Queso_LOncha.001
v 0.080915 0.000779 0.061679
v 0.080071 0.000812 0.061402
v 0.080177 0.003562 0.061402
v 0.081022 0.003529 0.061679
v 0.042219 0.002278 -0.013388
v 0.042496 0.002267 -0.014233
v 0.042602 0.005017 -0.014233
v 0.042325 0.005028 -0.013388
v 0.174798 -0.002857 0.013388
v 0.174521 -0.002847 0.014233
v 0.174628 -0.000097 0.014233
v 0.174904 -0.000107 0.013388
v 0.136101 -0.001359 -0.061679
v 0.136946 -0.001391 -0.061402
v 0.137053 0.001359 -0.061402
v 0.136208 0.001391 -0.061679
vn 0.4515 -0.0175 0.8921
vn 0.8914 -0.0345 -0.4518
vn 0.0387 0.9993 -0.0000
vn -0.8914 0.0345 0.4518
vn -0.4515 0.0175 -0.8921
vn -0.3111 0.0120 0.9503
vn -0.9496 0.0368 -0.3113
vn 0.3111 -0.0120 -0.9503
vn 0.9496 -0.0368 0.3113
vn -0.0387 -0.9993 -0.0000
vt 0.381583 -0.014648
vt 0.381733 -0.014648
vt 0.381733 0.277599
vt 0.381583 0.277599
vt 0.381583 0.810595
vt 0.381733 0.810595
vt 0.381733 1.043921
vt 0.381583 1.043921
vt 0.382971 0.622653
vt 0.377601 0.403674
vt 0.382939 0.403674
vt 0.382971 0.405304
vt 0.381583 0.280074
vt 0.381733 0.280074
vt 0.381733 0.513399
vt 0.381583 0.513399
vt 0.381583 0.515874
vt 0.381733 0.515874
vt 0.381733 0.808120
vt 0.381583 0.808120
vt 0.381733 1.046396
vt 0.381583 1.046396
vt 0.377569 0.405304
vt 0.377569 0.622653
vt 0.377601 0.624283
vt 0.382939 0.624283
s 0
usemtl Gradient.002
f 26/27/11 27/28/11 20/29/11 17/30/11
f 30/31/12 31/32/12 28/33/12 25/34/12
f 31/35/13 20/36/13 27/37/13 28/38/13
f 18/39/14 19/40/14 24/41/14 21/42/14
f 22/43/15 23/44/15 32/45/15 29/46/15
f 17/30/16 20/29/16 19/40/16 18/39/16
f 23/44/17 22/43/17 21/42/17 24/41/17
f 31/32/18 30/31/18 29/46/18 32/45/18
f 27/47/19 26/48/19 25/34/19 28/33/19
f 21/49/20 22/36/20 29/37/20 18/50/20
f 17/51/20 30/38/20 25/35/20 26/52/20
f 20/36/13 31/35/13 32/52/13 19/49/13
f 18/50/20 29/37/20 30/38/20 17/51/20
f 19/49/13 32/52/13 23/51/13 24/50/13
o Queso_LOncha
v -0.067568 -0.001313 0.001175
v -0.067676 -0.001313 0.000292
v -0.067676 0.001439 0.000292
v -0.067568 0.001439 0.001175
v -0.016033 -0.001313 -0.065750
v -0.015150 -0.001313 -0.065858
v -0.015150 0.001439 -0.065858
v -0.016033 0.001439 -0.065750
v 0.016033 -0.001313 0.065750
v 0.015150 -0.001313 0.065858
v 0.015150 0.001439 0.065858
v 0.016033 0.001439 0.065750
v 0.067568 -0.001313 -0.001175
v 0.067676 -0.001313 -0.000292
v 0.067676 0.001439 -0.000292
v 0.067568 0.001439 -0.001175
vn -0.6160 -0.0000 0.7877
vn 0.7877 -0.0000 0.6160
vn -0.0000 1.0000 -0.0000
vn -0.7877 -0.0000 -0.6160
vn 0.6160 -0.0000 -0.7877
vn -0.9926 -0.0000 0.1214
vn -0.1214 -0.0000 -0.9926
vn 0.9926 -0.0000 -0.1214
vn 0.1214 -0.0000 0.9926
vn -0.0000 -1.0000 -0.0000
vt 0.381583 -0.014648
vt 0.381733 -0.014648
vt 0.381733 0.277599
vt 0.381583 0.277599
vt 0.381583 0.810595
vt 0.381733 0.810595
vt 0.381733 1.043921
vt 0.381583 1.043921
vt 0.382971 0.622653
vt 0.377601 0.403674
vt 0.382939 0.403674
vt 0.382971 0.405304
vt 0.381583 0.280074
vt 0.381733 0.280074
vt 0.381733 0.513399
vt 0.381583 0.513399
vt 0.381583 0.515874
vt 0.381733 0.515874
vt 0.381733 0.808120
vt 0.381583 0.808120
vt 0.381733 1.046396
vt 0.381583 1.046396
vt 0.377569 0.405304
vt 0.377569 0.622653
vt 0.377601 0.624283
vt 0.382939 0.624283
s 0
usemtl Gradient.002
f 42/53/21 43/54/21 36/55/21 33/56/21
f 46/57/22 47/58/22 44/59/22 41/60/22
f 47/61/23 36/62/23 43/63/23 44/64/23
f 34/65/24 35/66/24 40/67/24 37/68/24
f 38/69/25 39/70/25 48/71/25 45/72/25
f 33/56/26 36/55/26 35/66/26 34/65/26
f 39/70/27 38/69/27 37/68/27 40/67/27
f 47/58/28 46/57/28 45/72/28 48/71/28
f 43/73/29 42/74/29 41/60/29 44/59/29
f 37/75/30 38/62/30 45/63/30 34/76/30
f 33/77/30 46/64/30 41/61/30 42/78/30
f 36/62/23 47/61/23 48/78/23 35/75/23
f 34/76/30 45/63/30 46/64/30 33/77/30
f 35/75/23 48/78/23 39/77/23 40/76/23
